 1.00000000e-01 -1.65636510e+02 
 1.12201845e-01 -1.65636024e+02 
 1.25892541e-01 -1.65636309e+02 
 1.41253754e-01 -1.65636274e+02 
 1.58489319e-01 -1.65636081e+02 
 1.77827941e-01 -1.65635941e+02 
 1.99526231e-01 -1.65636067e+02 
 2.23872114e-01 -1.65636331e+02 
 2.51188643e-01 -1.65635963e+02 
 2.81838293e-01 -1.65636274e+02 
 3.16227766e-01 -1.65636127e+02 
 3.54813389e-01 -1.65636098e+02 
 3.98107171e-01 -1.65636058e+02 
 4.46683592e-01 -1.65636303e+02 
 5.01187234e-01 -1.65635977e+02 
 5.62341325e-01 -1.65635912e+02 
 6.30957344e-01 -1.65636127e+02 
 7.07945784e-01 -1.65636039e+02 
 7.94328235e-01 -1.65636424e+02 
 8.91250938e-01 -1.65635967e+02 
 1.00000000e+00 -1.65636283e+02 
 1.12201845e+00 -1.65636543e+02 
 1.25892541e+00 -1.65636425e+02 
 1.41253754e+00 -1.65636252e+02 
 1.58489319e+00 -1.65636262e+02 
 1.77827941e+00 -1.65636524e+02 
 1.99526231e+00 -1.65635995e+02 
 2.23872114e+00 -1.65637111e+02 
 2.51188643e+00 -1.65636528e+02 
 2.81838293e+00 -1.65636870e+02 
 3.16227766e+00 -1.65637539e+02 
 3.54813389e+00 -1.65636694e+02 
 3.98107171e+00 -1.65638472e+02 
 4.46683592e+00 -1.65637775e+02 
 5.01187234e+00 -1.65638144e+02 
 5.62341325e+00 -1.65639043e+02 
 6.30957344e+00 -1.65639343e+02 
 7.07945784e+00 -1.65640995e+02 
 7.94328235e+00 -1.65643021e+02 
 8.91250938e+00 -1.65644048e+02 
 1.00000000e+01 -1.65646272e+02 
 1.12201845e+01 -1.65648324e+02 
 1.25892541e+01 -1.65652646e+02 
 1.41253754e+01 -1.65655981e+02 
 1.58489319e+01 -1.65662267e+02 
 1.77827941e+01 -1.65668705e+02 
 1.99526231e+01 -1.65677578e+02 
 2.23872114e+01 -1.65688076e+02 
 2.51188643e+01 -1.65701915e+02 
 2.81838293e+01 -1.65717930e+02 
 3.16227766e+01 -1.65740607e+02 
 3.54813389e+01 -1.65767412e+02 
 3.98107171e+01 -1.65800630e+02 
 4.46683592e+01 -1.65846752e+02 
 5.01187234e+01 -1.65900775e+02 
 5.62341325e+01 -1.65972747e+02 
 6.30957344e+01 -1.66060391e+02 
 7.07945784e+01 -1.66174877e+02 
 7.94328235e+01 -1.65659986e+02 
 8.91250938e+01 -1.65831304e+02 
 1.00000000e+02 -1.66054971e+02 
 1.12201845e+02 -1.65682564e+02 
 1.25892541e+02 -1.66032570e+02 
 1.41253754e+02 -1.65819902e+02 
 1.58489319e+02 -1.65723380e+02 
 1.77827941e+02 -1.65769269e+02 
 1.99526231e+02 -1.65996020e+02 
 2.23872114e+02 -1.65798195e+02 
 2.51188643e+02 -1.65887640e+02 
 2.81838293e+02 -1.65689963e+02 
 3.16227766e+02 -1.65938685e+02 
 3.54813389e+02 -1.66113858e+02 
 3.98107171e+02 -1.66362209e+02 
 4.46683592e+02 -1.65860539e+02 
 5.01187234e+02 -1.66195171e+02 
 5.62341325e+02 -1.66004153e+02 
 6.30957344e+02 -1.66325619e+02 
 7.07945784e+02 -1.66309936e+02 
 7.94328235e+02 -1.65844444e+02 
 8.91250938e+02 -1.65591846e+02 
 1.00000000e+03 -1.66301127e+02 
 1.12201845e+03 -1.65827063e+02 
 1.25892541e+03 -1.65931151e+02 
 1.41253754e+03 -1.66893711e+02 
 1.58489319e+03 -1.66303904e+02 
 1.77827941e+03 -1.66278285e+02 
 1.99526231e+03 -1.65780513e+02 
 2.23872114e+03 -1.66576732e+02 
 2.51188643e+03 -1.67923073e+02 
 2.81838293e+03 -1.71715445e+02 
 3.16227766e+03 -1.71881873e+02 
 3.54813389e+03 -1.70071326e+02 
 3.98107171e+03 -1.70290250e+02 
 4.46683592e+03 -1.70632904e+02 
 5.01187234e+03 -1.71672599e+02 
 5.62341325e+03 -1.72073043e+02 
 6.30957344e+03 -1.70999436e+02 
 7.07945784e+03 -1.74996741e+02 
 7.94328235e+03 -1.75673030e+02 
 8.91250938e+03 -1.75347921e+02 
 1.00000000e+04 -1.75267181e+02 
 1.12201845e+04 -1.74171847e+02 
 1.25892541e+04 -1.77089417e+02 
 1.41253754e+04 -1.76715484e+02 
 1.58489319e+04 -1.80627648e+02 
 1.77827941e+04 -1.79422596e+02 
 1.99526231e+04 -1.80762275e+02 
 2.23872114e+04 -1.83116764e+02 
 2.51188643e+04 -1.81729465e+02 
 2.81838293e+04 -1.84610799e+02 
 3.16227766e+04 -1.85161020e+02 
 3.54813389e+04 -1.86595580e+02 
 3.98107171e+04 -1.88170889e+02 
 4.46683592e+04 -1.87783071e+02 
 5.01187234e+04 -1.86798869e+02 
 5.62341325e+04 -1.89979768e+02 
 6.30957344e+04 -1.88429561e+02 
 7.07945784e+04 -1.91965735e+02 
 7.94328235e+04 -1.92406632e+02 
 8.91250938e+04 -1.93985366e+02 
 1.00000000e+05 -1.91593559e+02 
 1.12201845e+05 -1.95217056e+02 
 1.25892541e+05 -1.94688190e+02 
 1.41253754e+05 -1.97455047e+02 
 1.58489319e+05 -1.98377823e+02 
 1.77827941e+05 -1.97344530e+02 
 1.99526231e+05 -1.97090558e+02 
 2.23872114e+05 -1.98611758e+02 
 2.51188643e+05 -1.98528645e+02 
 2.81838293e+05 -2.00421772e+02 
 3.16227766e+05 -2.00067745e+02 
 3.54813389e+05 -2.00247120e+02 
 3.98107171e+05 -1.99999057e+02 
 4.46683592e+05 -1.99820866e+02 
 5.01187234e+05 -2.00082882e+02 
 5.62341325e+05 -2.00640300e+02 
 6.30957344e+05 -2.00984283e+02 
 7.07945784e+05 -2.00762070e+02 
 7.94328235e+05 -2.01063289e+02 
 8.91250938e+05 -2.01136732e+02 
 1.00000000e+06 -2.01381842e+02 
 1.12201845e+06 -2.01590956e+02 
 1.25892541e+06 -2.01745136e+02 
 1.41253754e+06 -2.01761317e+02 
 1.58489319e+06 -2.02095456e+02 
 1.77827941e+06 -2.02411345e+02 
 1.99526231e+06 -2.02871842e+02 
 2.23872114e+06 -2.03129837e+02 
 2.51188643e+06 -2.03540821e+02 
 2.81838293e+06 -2.04061297e+02 
 3.16227766e+06 -2.04775107e+02 
 3.54813389e+06 -2.05302144e+02 
 3.98107171e+06 -2.06049532e+02 
 4.46683592e+06 -2.06766840e+02 
 5.01187234e+06 -2.07618645e+02 
 5.62341325e+06 -2.08558091e+02 
 6.30957344e+06 -2.09574684e+02 
 7.07945784e+06 -2.10662354e+02 
 7.94328235e+06 -2.11867444e+02 
 8.91250938e+06 -2.12948505e+02 
 1.00000000e+07 -2.14306397e+02 
 1.12201845e+07 -2.15664784e+02 
 1.25892541e+07 -2.17096678e+02 
 1.41253754e+07 -2.18582730e+02 
 1.58489319e+07 -2.20012897e+02 
 1.77827941e+07 -2.21623140e+02 
 1.99526231e+07 -2.22849667e+02 
 2.23872114e+07 -2.24089917e+02 
 2.51188643e+07 -2.24988295e+02 
 2.81838293e+07 -2.25630862e+02 
 3.16227766e+07 -2.26095563e+02 
 3.54813389e+07 -2.26320206e+02 
 3.98107171e+07 -2.26667783e+02 
 4.46683592e+07 -2.26943310e+02 
 5.01187234e+07 -2.27271303e+02 
 5.62341325e+07 -2.27527967e+02 
 6.30957344e+07 -2.27882588e+02 
 7.07945784e+07 -2.28057433e+02 
 7.94328235e+07 -2.28277977e+02 
 8.91250938e+07 -2.28603466e+02 
 1.00000000e+08 -2.28957407e+02 
