 1.00000000e-01  8.57185293e+00 
 1.12201845e-01  8.57185293e+00 
 1.25892541e-01  8.57185293e+00 
 1.41253754e-01  8.57185293e+00 
 1.58489319e-01  8.57185293e+00 
 1.77827941e-01  8.57185293e+00 
 1.99526231e-01  8.57185293e+00 
 2.23872114e-01  8.57185293e+00 
 2.51188643e-01  8.57185293e+00 
 2.81838293e-01  8.57185293e+00 
 3.16227766e-01  8.57185293e+00 
 3.54813389e-01  8.57185293e+00 
 3.98107171e-01  8.57185293e+00 
 4.46683592e-01  8.57185293e+00 
 5.01187234e-01  8.57185293e+00 
 5.62341325e-01  8.57185292e+00 
 6.30957344e-01  8.57185292e+00 
 7.07945784e-01  8.57185292e+00 
 7.94328235e-01  8.57185292e+00 
 8.91250938e-01  8.57185291e+00 
 1.00000000e+00  8.57185291e+00 
 1.12201845e+00  8.57185290e+00 
 1.25892541e+00  8.57185289e+00 
 1.41253754e+00  8.57185288e+00 
 1.58489319e+00  8.57185287e+00 
 1.77827941e+00  8.57185285e+00 
 1.99526231e+00  8.57185283e+00 
 2.23872114e+00  8.57185280e+00 
 2.51188643e+00  8.57185276e+00 
 2.81838293e+00  8.57185272e+00 
 3.16227766e+00  8.57185267e+00 
 3.54813389e+00  8.57185260e+00 
 3.98107171e+00  8.57185251e+00 
 4.46683592e+00  8.57185240e+00 
 5.01187234e+00  8.57185226e+00 
 5.62341325e+00  8.57185209e+00 
 6.30957344e+00  8.57185187e+00 
 7.07945784e+00  8.57185160e+00 
 7.94328235e+00  8.57185126e+00 
 8.91250938e+00  8.57185082e+00 
 1.00000000e+01  8.57185027e+00 
 1.12201845e+01  8.57184959e+00 
 1.25892541e+01  8.57184872e+00 
 1.41253754e+01  8.57184763e+00 
 1.58489319e+01  8.57184625e+00 
 1.77827941e+01  8.57184453e+00 
 1.99526231e+01  8.57184235e+00 
 2.23872114e+01  8.57183961e+00 
 2.51188643e+01  8.57183616e+00 
 2.81838293e+01  8.57183182e+00 
 3.16227766e+01  8.57182635e+00 
 3.54813389e+01  8.57181946e+00 
 3.98107171e+01  8.57181080e+00 
 4.46683592e+01  8.57179989e+00 
 5.01187234e+01  8.57178616e+00 
 5.62341325e+01  8.57176887e+00 
 6.30957344e+01  8.57174710e+00 
 7.07945784e+01  8.57171970e+00 
 7.94328235e+01  8.57168521e+00 
 8.91250938e+01  8.57164179e+00 
 1.00000000e+02  8.57158713e+00 
 1.12201845e+02  8.57151832e+00 
 1.25892541e+02  8.57143171e+00 
 1.41253754e+02  8.57132268e+00 
 1.58489319e+02  8.57118546e+00 
 1.77827941e+02  8.57101273e+00 
 1.99526231e+02  8.57079535e+00 
 2.23872114e+02  8.57052177e+00 
 2.51188643e+02  8.57017750e+00 
 2.81838293e+02  8.56974431e+00 
 3.16227766e+02  8.56919930e+00 
 3.54813389e+02  8.56851370e+00 
 3.98107171e+02  8.56765138e+00 
 4.46683592e+02  8.56656698e+00 
 5.01187234e+02  8.56520359e+00 
 5.62341325e+02  8.56348981e+00 
 6.30957344e+02  8.56133608e+00 
 7.07945784e+02  8.55863010e+00 
 7.94328235e+02  8.55523108e+00 
 8.91250938e+02  8.55096247e+00 
 1.00000000e+03  8.54560299e+00 
 1.12201845e+03  8.53887537e+00 
 1.25892541e+03  8.53043237e+00 
 1.41253754e+03  8.51983970e+00 
 1.58489319e+03  8.50655503e+00 
 1.77827941e+03  8.48990272e+00 
 1.99526231e+03  8.46904350e+00 
 2.23872114e+03  8.44293875e+00 
 2.51188643e+03  8.41030920e+00 
 2.81838293e+03  8.36958810e+00 
 3.16227766e+03  8.31887039e+00 
 3.54813389e+03  8.25585998e+00 
 3.98107171e+03  8.17781986e+00 
 4.46683592e+03  8.08153174e+00 
 5.01187234e+03  7.96327519e+00 
 5.62341325e+03  7.81883925e+00 
 6.30957344e+03  7.64358137e+00 
 7.07945784e+03  7.43254847e+00 
 7.94328235e+03  7.18067054e+00 
 8.91250938e+03  6.88302694e+00 
 1.00000000e+04  6.53517044e+00 
 1.12201845e+04  6.13347507e+00 
 1.25892541e+04  5.67545798e+00 
 1.41253754e+04  5.16001938e+00 
 1.58489319e+04  4.58755340e+00 
 1.77827941e+04  3.95990669e+00 
 1.99526231e+04  3.28019337e+00 
 2.23872114e+04  2.55250392e+00 
 2.51188643e+04  1.78156167e+00 
 2.81838293e+04  9.72381384e-01 
 3.16227766e+04  1.29971749e-01 
 3.54813389e+04 -7.40894422e-01 
 3.98107171e+04 -1.63583608e+00 
 4.46683592e+04 -2.55095244e+00 
 5.01187234e+04 -3.48285751e+00 
 5.62341325e+04 -4.42867599e+00 
 6.30957344e+04 -5.38601489e+00 
 7.07945784e+04 -6.35292228e+00 
 7.94328235e+04 -7.32784170e+00 
 8.91250938e+04 -8.30956825e+00 
 1.00000000e+05 -9.29720963e+00 
 1.12201845e+05 -1.02901547e+01 
 1.25892541e+05 -1.12880503e+01 
 1.41253754e+05 -1.22907870e+01 
 1.58489319e+05 -1.32984939e+01 
 1.77827941e+05 -1.43115420e+01 
 1.99526231e+05 -1.53305561e+01 
 2.23872114e+05 -1.63564344e+01 
 2.51188643e+05 -1.73903735e+01 
 2.81838293e+05 -1.84338986e+01 
 3.16227766e+05 -1.94888921e+01 
 3.54813389e+05 -2.05576172e+01 
 3.98107171e+05 -2.16427274e+01 
 4.46683592e+05 -2.27472489e+01 
 5.01187234e+05 -2.38745244e+01 
 5.62341325e+05 -2.50280992e+01 
 6.30957344e+05 -2.62115384e+01 
 7.07945784e+05 -2.74281639e+01 
 7.94328235e+05 -2.86807179e+01 
 8.91250938e+05 -2.99709728e+01 
 1.00000000e+06 -3.12993317e+01 
 1.12201845e+06 -3.26644787e+01 
 1.25892541e+06 -3.40631454e+01 
 1.41253754e+06 -3.54900494e+01 
 1.58489319e+06 -3.69380368e+01 
 1.77827941e+06 -3.83984258e+01 
 1.99526231e+06 -3.98615179e+01 
 2.23872114e+06 -4.13172155e+01 
 2.51188643e+06 -4.27556744e+01 
 2.81838293e+06 -4.41679138e+01 
 3.16227766e+06 -4.55463107e+01 
 3.54813389e+06 -4.68849245e+01 
 3.98107171e+06 -4.81796186e+01 
 4.46683592e+06 -4.94279860e+01 
 5.01187234e+06 -5.06291143e+01 
 5.62341325e+06 -5.17832563e+01 
 6.30957344e+06 -5.28914768e+01 
 7.07945784e+06 -5.39553423e+01 
 7.94328235e+06 -5.49766961e+01 
 8.91250938e+06 -5.59575370e+01 
 1.00000000e+07 -5.68999936e+01 
 1.12201845e+07 -5.78063674e+01 
 1.25892541e+07 -5.86792092e+01 
 1.41253754e+07 -5.95213978e+01 
 1.58489319e+07 -6.03362010e+01 
 1.77827941e+07 -6.11273170e+01 
 1.99526231e+07 -6.18988978e+01 
 2.23872114e+07 -6.26555508e+01 
 2.51188643e+07 -6.34022906e+01 
 2.81838293e+07 -6.41443978e+01 
 3.16227766e+07 -6.48871378e+01 
 3.54813389e+07 -6.56353234e+01 
 3.98107171e+07 -6.63927510e+01 
 4.46683592e+07 -6.71615972e+01 
 5.01187234e+07 -6.79418950e+01 
 5.62341325e+07 -6.87312159e+01 
 6.30957344e+07 -6.95246542e+01 
 7.07945784e+07 -7.03151438e+01 
 7.94328235e+07 -7.10940496e+01 
 8.91250938e+07 -7.18518940e+01 
 1.00000000e+08 -7.25790428e+01 
