 1.00000000e-01  1.44224809e+00 
 1.12201845e-01  1.44224809e+00 
 1.25892541e-01  1.44224809e+00 
 1.41253754e-01  1.44224809e+00 
 1.58489319e-01  1.44224809e+00 
 1.77827941e-01  1.44224809e+00 
 1.99526231e-01  1.44224809e+00 
 2.23872114e-01  1.44224809e+00 
 2.51188643e-01  1.44224809e+00 
 2.81838293e-01  1.44224809e+00 
 3.16227766e-01  1.44224809e+00 
 3.54813389e-01  1.44224809e+00 
 3.98107171e-01  1.44224809e+00 
 4.46683592e-01  1.44224809e+00 
 5.01187234e-01  1.44224809e+00 
 5.62341325e-01  1.44224809e+00 
 6.30957344e-01  1.44224809e+00 
 7.07945784e-01  1.44224809e+00 
 7.94328235e-01  1.44224809e+00 
 8.91250938e-01  1.44224809e+00 
 1.00000000e+00  1.44224809e+00 
 1.12201845e+00  1.44224809e+00 
 1.25892541e+00  1.44224809e+00 
 1.41253754e+00  1.44224809e+00 
 1.58489319e+00  1.44224809e+00 
 1.77827941e+00  1.44224809e+00 
 1.99526231e+00  1.44224809e+00 
 2.23872114e+00  1.44224809e+00 
 2.51188643e+00  1.44224809e+00 
 2.81838293e+00  1.44224809e+00 
 3.16227766e+00  1.44224809e+00 
 3.54813389e+00  1.44224809e+00 
 3.98107171e+00  1.44224809e+00 
 4.46683592e+00  1.44224809e+00 
 5.01187234e+00  1.44224809e+00 
 5.62341325e+00  1.44224809e+00 
 6.30957344e+00  1.44224809e+00 
 7.07945784e+00  1.44224809e+00 
 7.94328235e+00  1.44224809e+00 
 8.91250938e+00  1.44224809e+00 
 1.00000000e+01  1.44224809e+00 
 1.12201845e+01  1.44224809e+00 
 1.25892541e+01  1.44224809e+00 
 1.41253754e+01  1.44224809e+00 
 1.58489319e+01  1.44224809e+00 
 1.77827941e+01  1.44224809e+00 
 1.99526231e+01  1.44224809e+00 
 2.23872114e+01  1.44224809e+00 
 2.51188643e+01  1.44224809e+00 
 2.81838293e+01  1.44224809e+00 
 3.16227766e+01  1.44224809e+00 
 3.54813389e+01  1.44224809e+00 
 3.98107171e+01  1.44224809e+00 
 4.46683592e+01  1.44224809e+00 
 5.01187234e+01  1.44224809e+00 
 5.62341325e+01  1.44224809e+00 
 6.30957344e+01  1.44224809e+00 
 7.07945784e+01  1.44224809e+00 
 7.94328235e+01  1.44224809e+00 
 8.91250938e+01  1.44224809e+00 
 1.00000000e+02  1.44224808e+00 
 1.12201845e+02  1.44224808e+00 
 1.25892541e+02  1.44224808e+00 
 1.41253754e+02  1.44224808e+00 
 1.58489319e+02  1.44224808e+00 
 1.77827941e+02  1.44224807e+00 
 1.99526231e+02  1.44224807e+00 
 2.23872114e+02  1.44224806e+00 
 2.51188643e+02  1.44224806e+00 
 2.81838293e+02  1.44224805e+00 
 3.16227766e+02  1.44224804e+00 
 3.54813389e+02  1.44224802e+00 
 3.98107171e+02  1.44224801e+00 
 4.46683592e+02  1.44224799e+00 
 5.01187234e+02  1.44224796e+00 
 5.62341325e+02  1.44224792e+00 
 6.30957344e+02  1.44224788e+00 
 7.07945784e+02  1.44224783e+00 
 7.94328235e+02  1.44224776e+00 
 8.91250938e+02  1.44224768e+00 
 1.00000000e+03  1.44224757e+00 
 1.12201845e+03  1.44224743e+00 
 1.25892541e+03  1.44224726e+00 
 1.41253754e+03  1.44224705e+00 
 1.58489319e+03  1.44224678e+00 
 1.77827941e+03  1.44224644e+00 
 1.99526231e+03  1.44224601e+00 
 2.23872114e+03  1.44224547e+00 
 2.51188643e+03  1.44224479e+00 
 2.81838293e+03  1.44224394e+00 
 3.16227766e+03  1.44224286e+00 
 3.54813389e+03  1.44224151e+00 
 3.98107171e+03  1.44223981e+00 
 4.46683592e+03  1.44223767e+00 
 5.01187234e+03  1.44223498e+00 
 5.62341325e+03  1.44223159e+00 
 6.30957344e+03  1.44222732e+00 
 7.07945784e+03  1.44222194e+00 
 7.94328235e+03  1.44221518e+00 
 8.91250938e+03  1.44220666e+00 
 1.00000000e+04  1.44219594e+00 
 1.12201845e+04  1.44218244e+00 
 1.25892541e+04  1.44216544e+00 
 1.41253754e+04  1.44214405e+00 
 1.58489319e+04  1.44211711e+00 
 1.77827941e+04  1.44208320e+00 
 1.99526231e+04  1.44204051e+00 
 2.23872114e+04  1.44198677e+00 
 2.51188643e+04  1.44191912e+00 
 2.81838293e+04  1.44183395e+00 
 3.16227766e+04  1.44172673e+00 
 3.54813389e+04  1.44159175e+00 
 3.98107171e+04  1.44142183e+00 
 4.46683592e+04  1.44120792e+00 
 5.01187234e+04  1.44093864e+00 
 5.62341325e+04  1.44059966e+00 
 6.30957344e+04  1.44017295e+00 
 7.07945784e+04  1.43963581e+00 
 7.94328235e+04  1.43895968e+00 
 8.91250938e+04  1.43810864e+00 
 1.00000000e+05  1.43703749e+00 
 1.12201845e+05  1.43568936e+00 
 1.25892541e+05  1.43399277e+00 
 1.41253754e+05  1.43185783e+00 
 1.58489319e+05  1.42917161e+00 
 1.77827941e+05  1.42579223e+00 
 1.99526231e+05  1.42154161e+00 
 2.23872114e+05  1.41619634e+00 
 2.51188643e+05  1.40947645e+00 
 2.81838293e+05  1.40103146e+00 
 3.16227766e+05  1.39042331e+00 
 3.54813389e+05  1.37710543e+00 
 3.98107171e+05  1.36039747e+00 
 4.46683592e+05  1.33945500e+00 
 5.01187234e+05  1.31323375e+00 
 5.62341325e+05  1.28044823e+00 
 6.30957344e+05  1.23952495e+00 
 7.07945784e+05  1.18855171e+00 
 7.94328235e+05  1.12522525e+00 
 8.91250938e+05  1.04680211e+00 
 1.00000000e+06  9.50059390e-01 
 1.12201845e+06  8.31275911e-01 
 1.25892541e+06  6.86246418e-01 
 1.41253754e+06  5.10344202e-01 
 1.58489319e+06  2.98646700e-01 
 1.77827941e+06  4.61342496e-02 
 1.99526231e+06 -2.52038084e-01 
 2.23872114e+06 -6.00211412e-01 
 2.51188643e+06 -1.00187105e+00 
 2.81838293e+06 -1.45932179e+00 
 3.16227766e+06 -1.97344610e+00 
 3.54813389e+06 -2.54359133e+00 
 3.98107171e+06 -3.16760754e+00 
 4.46683592e+06 -3.84202549e+00 
 5.01187234e+06 -4.56233587e+00 
 5.62341325e+06 -5.32331500e+00 
 6.30957344e+06 -6.11934250e+00 
 7.07945784e+06 -6.94466904e+00 
 7.94328235e+06 -7.79361096e+00 
 8.91250938e+06 -8.66066600e+00 
 1.00000000e+07 -9.54055778e+00 
 1.12201845e+07 -1.04282241e+01 
 1.25892541e+07 -1.13187676e+01 
 1.41253754e+07 -1.22073878e+01 
 1.58489319e+07 -1.30893137e+01 
 1.77827941e+07 -1.39597549e+01 
 1.99526231e+07 -1.48138886e+01 
 2.23872114e+07 -1.56468989e+01 
 2.51188643e+07 -1.64540784e+01 
 2.81838293e+07 -1.72309982e+01 
 3.16227766e+07 -1.79737367e+01 
 3.54813389e+07 -1.86791482e+01 
 3.98107171e+07 -1.93451328e+01 
 4.46683592e+07 -1.99708629e+01 
 5.01187234e+07 -2.05569209e+01 
 5.62341325e+07 -2.11053152e+01 
 6.30957344e+07 -2.16193661e+01 
 7.07945784e+07 -2.21034807e+01 
 7.94328235e+07 -2.25628622e+01 
 8.91250938e+07 -2.30032155e+01 
 1.00000000e+08 -2.34305069e+01 
