 1.00000000e-01  5.41024482e+01 
 1.12201845e-01  5.41024482e+01 
 1.25892541e-01  5.41024482e+01 
 1.41253754e-01  5.41024482e+01 
 1.58489319e-01  5.41024482e+01 
 1.77827941e-01  5.41024482e+01 
 1.99526231e-01  5.41024482e+01 
 2.23872114e-01  5.41024482e+01 
 2.51188643e-01  5.41024482e+01 
 2.81838293e-01  5.41024482e+01 
 3.16227766e-01  5.41024482e+01 
 3.54813389e-01  5.41024482e+01 
 3.98107171e-01  5.41024482e+01 
 4.46683592e-01  5.41024481e+01 
 5.01187234e-01  5.41024481e+01 
 5.62341325e-01  5.41024481e+01 
 6.30957344e-01  5.41024481e+01 
 7.07945784e-01  5.41024480e+01 
 7.94328235e-01  5.41024480e+01 
 8.91250938e-01  5.41024479e+01 
 1.00000000e+00  5.41024478e+01 
 1.12201845e+00  5.41024477e+01 
 1.25892541e+00  5.41024476e+01 
 1.41253754e+00  5.41024474e+01 
 1.58489319e+00  5.41024472e+01 
 1.77827941e+00  5.41024470e+01 
 1.99526231e+00  5.41024466e+01 
 2.23872114e+00  5.41024462e+01 
 2.51188643e+00  5.41024457e+01 
 2.81838293e+00  5.41024450e+01 
 3.16227766e+00  5.41024442e+01 
 3.54813389e+00  5.41024432e+01 
 3.98107171e+00  5.41024419e+01 
 4.46683592e+00  5.41024403e+01 
 5.01187234e+00  5.41024382e+01 
 5.62341325e+00  5.41024356e+01 
 6.30957344e+00  5.41024323e+01 
 7.07945784e+00  5.41024282e+01 
 7.94328235e+00  5.41024230e+01 
 8.91250938e+00  5.41024165e+01 
 1.00000000e+01  5.41024083e+01 
 1.12201845e+01  5.41023979e+01 
 1.25892541e+01  5.41023849e+01 
 1.41253754e+01  5.41023685e+01 
 1.58489319e+01  5.41023478e+01 
 1.77827941e+01  5.41023219e+01 
 1.99526231e+01  5.41022891e+01 
 2.23872114e+01  5.41022479e+01 
 2.51188643e+01  5.41021961e+01 
 2.81838293e+01  5.41021308e+01 
 3.16227766e+01  5.41020486e+01 
 3.54813389e+01  5.41019452e+01 
 3.98107171e+01  5.41018149e+01 
 4.46683592e+01  5.41016510e+01 
 5.01187234e+01  5.41014446e+01 
 5.62341325e+01  5.41011847e+01 
 6.30957344e+01  5.41008576e+01 
 7.07945784e+01  5.41004459e+01 
 7.94328235e+01  5.40999276e+01 
 8.91250938e+01  5.40992752e+01 
 1.00000000e+02  5.40984540e+01 
 1.12201845e+02  5.40974203e+01 
 1.25892541e+02  5.40961194e+01 
 1.41253754e+02  5.40944822e+01 
 1.58489319e+02  5.40924220e+01 
 1.77827941e+02  5.40898298e+01 
 1.99526231e+02  5.40865685e+01 
 2.23872114e+02  5.40824663e+01 
 2.51188643e+02  5.40773074e+01 
 2.81838293e+02  5.40708214e+01 
 3.16227766e+02  5.40626699e+01 
 3.54813389e+02  5.40524294e+01 
 3.98107171e+02  5.40395715e+01 
 4.46683592e+02  5.40234385e+01 
 5.01187234e+02  5.40032130e+01 
 5.62341325e+02  5.39778838e+01 
 6.30957344e+02  5.39462048e+01 
 7.07945784e+02  5.39066492e+01 
 7.94328235e+02  5.38573585e+01 
 8.91250938e+02  5.37960902e+01 
 1.00000000e+03  5.37201670e+01 
 1.12201845e+03  5.36264348e+01 
 1.25892541e+03  5.35112386e+01 
 1.41253754e+03  5.33704293e+01 
 1.58489319e+03  5.31994155e+01 
 1.77827941e+03  5.29932761e+01 
 1.99526231e+03  5.27469446e+01 
 2.23872114e+03  5.24554664e+01 
 2.51188643e+03  5.21143170e+01 
 2.81838293e+03  5.17197497e+01 
 3.16227766e+03  5.12691240e+01 
 3.54813389e+03  5.07611591e+01 
 3.98107171e+03  5.01960636e+01 
 4.46683592e+03  4.95755139e+01 
 5.01187234e+03  4.89024867e+01 
 5.62341325e+03  4.81809789e+01 
 6.30957344e+03  4.74156684e+01 
 7.07945784e+03  4.66115706e+01 
 7.94328235e+03  4.57737345e+01 
 8.91250938e+03  4.49070051e+01 
 1.00000000e+04  4.40158595e+01 
 1.12201845e+04  4.31043131e+01 
 1.25892541e+04  4.21758812e+01 
 1.41253754e+04  4.12335824e+01 
 1.58489319e+04  4.02799688e+01 
 1.77827941e+04  3.93171712e+01 
 1.99526231e+04  3.83469510e+01 
 2.23872114e+04  3.73707524e+01 
 2.51188643e+04  3.63897520e+01 
 2.81838293e+04  3.54049035e+01 
 3.16227766e+04  3.44169767e+01 
 3.54813389e+04  3.34265909e+01 
 3.98107171e+04  3.24342432e+01 
 4.46683592e+04  3.14403315e+01 
 5.01187234e+04  3.04451741e+01 
 5.62341325e+04  2.94490250e+01 
 6.30957344e+04  2.84520869e+01 
 7.07945784e+04  2.74545213e+01 
 7.94328235e+04  2.64564570e+01 
 8.91250938e+04  2.54579962e+01 
 1.00000000e+05  2.44592208e+01 
 1.12201845e+05  2.34601955e+01 
 1.25892541e+05  2.24609723e+01 
 1.41253754e+05  2.14615922e+01 
 1.58489319e+05  2.04620884e+01 
 1.77827941e+05  1.94624872e+01 
 1.99526231e+05  1.84628097e+01 
 2.23872114e+05  1.74630732e+01 
 2.51188643e+05  1.64632917e+01 
 2.81838293e+05  1.54634768e+01 
 3.16227766e+05  1.44636384e+01 
 3.54813389e+05  1.34637850e+01 
 3.98107171e+05  1.24639244e+01 
 4.46683592e+05  1.14640642e+01 
 5.01187234e+05  1.04642117e+01 
 5.62341325e+05  9.46437477e+00 
 6.30957344e+05  8.46456211e+00 
 7.07945784e+05  7.46478369e+00 
 7.94328235e+05  6.46505130e+00 
 8.91250938e+05  5.46537917e+00 
 1.00000000e+06  4.46578475e+00 
 1.12201845e+06  3.46628961e+00 
 1.25892541e+06  2.46692057e+00 
 1.41253754e+06  1.46771116e+00 
 1.58489319e+06  4.68703356e-01 
 1.77827941e+06 -5.30050205e-01 
 1.99526231e+06 -1.52848346e+00 
 2.23872114e+06 -2.52651349e+00 
 2.51188643e+06 -3.52403615e+00 
 2.81838293e+06 -4.52092079e+00 
 3.16227766e+06 -5.51700347e+00 
 3.54813389e+06 -6.51207870e+00 
 3.98107171e+06 -7.50588911e+00 
 4.46683592e+06 -8.49811281e+00 
 5.01187234e+06 -9.48834778e+00 
 5.62341325e+06 -1.04760930e+01 
 6.30957344e+06 -1.14607254e+01 
 7.07945784e+06 -1.24414727e+01 
 7.94328235e+06 -1.34173812e+01 
 8.91250938e+06 -1.43872785e+01 
 1.00000000e+07 -1.53497313e+01 
 1.12201845e+07 -1.63029997e+01 
 1.25892541e+07 -1.72449896e+01 
 1.41253754e+07 -1.81732072e+01 
 1.58489319e+07 -1.90847215e+01 
 1.77827941e+07 -1.99761442e+01 
 1.99526231e+07 -2.08436390e+01 
 2.23872114e+07 -2.16829747e+01 
 2.51188643e+07 -2.24896391e+01 
 2.81838293e+07 -2.32590251e+01 
 3.16227766e+07 -2.39866942e+01 
 3.54813389e+07 -2.46687071e+01 
 3.98107171e+07 -2.53019933e+01 
 4.46683592e+07 -2.58847124e+01 
 5.01187234e+07 -2.64165516e+01 
 5.62341325e+07 -2.68989088e+01 
 6.30957344e+07 -2.73349284e+01 
 7.07945784e+07 -2.77293908e+01 
 7.94328235e+07 -2.80884853e+01 
 8.91250938e+07 -2.84195150e+01 
 1.00000000e+08 -2.87305854e+01 
