 1.00000000e-01  3.32977897e+01 
 1.12201845e-01  3.32977897e+01 
 1.25892541e-01  3.32977897e+01 
 1.41253754e-01  3.32977897e+01 
 1.58489319e-01  3.32977897e+01 
 1.77827941e-01  3.32977897e+01 
 1.99526231e-01  3.32977897e+01 
 2.23872114e-01  3.32977897e+01 
 2.51188643e-01  3.32977897e+01 
 2.81838293e-01  3.32977897e+01 
 3.16227766e-01  3.32977897e+01 
 3.54813389e-01  3.32977897e+01 
 3.98107171e-01  3.32977897e+01 
 4.46683592e-01  3.32977897e+01 
 5.01187234e-01  3.32977897e+01 
 5.62341325e-01  3.32977897e+01 
 6.30957344e-01  3.32977897e+01 
 7.07945784e-01  3.32977897e+01 
 7.94328235e-01  3.32977897e+01 
 8.91250938e-01  3.32977897e+01 
 1.00000000e+00  3.32977897e+01 
 1.12201845e+00  3.32977897e+01 
 1.25892541e+00  3.32977897e+01 
 1.41253754e+00  3.32977897e+01 
 1.58489319e+00  3.32977897e+01 
 1.77827941e+00  3.32977896e+01 
 1.99526231e+00  3.32977896e+01 
 2.23872114e+00  3.32977896e+01 
 2.51188643e+00  3.32977896e+01 
 2.81838293e+00  3.32977895e+01 
 3.16227766e+00  3.32977895e+01 
 3.54813389e+00  3.32977894e+01 
 3.98107171e+00  3.32977893e+01 
 4.46683592e+00  3.32977892e+01 
 5.01187234e+00  3.32977890e+01 
 5.62341325e+00  3.32977889e+01 
 6.30957344e+00  3.32977887e+01 
 7.07945784e+00  3.32977884e+01 
 7.94328235e+00  3.32977880e+01 
 8.91250938e+00  3.32977876e+01 
 1.00000000e+01  3.32977870e+01 
 1.12201845e+01  3.32977863e+01 
 1.25892541e+01  3.32977855e+01 
 1.41253754e+01  3.32977844e+01 
 1.58489319e+01  3.32977830e+01 
 1.77827941e+01  3.32977812e+01 
 1.99526231e+01  3.32977790e+01 
 2.23872114e+01  3.32977762e+01 
 2.51188643e+01  3.32977727e+01 
 2.81838293e+01  3.32977683e+01 
 3.16227766e+01  3.32977628e+01 
 3.54813389e+01  3.32977558e+01 
 3.98107171e+01  3.32977471e+01 
 4.46683592e+01  3.32977360e+01 
 5.01187234e+01  3.32977221e+01 
 5.62341325e+01  3.32977046e+01 
 6.30957344e+01  3.32976826e+01 
 7.07945784e+01  3.32976548e+01 
 7.94328235e+01  3.32976199e+01 
 8.91250938e+01  3.32975759e+01 
 1.00000000e+02  3.32975206e+01 
 1.12201845e+02  3.32974509e+01 
 1.25892541e+02  3.32973632e+01 
 1.41253754e+02  3.32972529e+01 
 1.58489319e+02  3.32971140e+01 
 1.77827941e+02  3.32969391e+01 
 1.99526231e+02  3.32967191e+01 
 2.23872114e+02  3.32964423e+01 
 2.51188643e+02  3.32960940e+01 
 2.81838293e+02  3.32956559e+01 
 3.16227766e+02  3.32951048e+01 
 3.54813389e+02  3.32944117e+01 
 3.98107171e+02  3.32935404e+01 
 4.46683592e+02  3.32924452e+01 
 5.01187234e+02  3.32910691e+01 
 5.62341325e+02  3.32893403e+01 
 6.30957344e+02  3.32871693e+01 
 7.07945784e+02  3.32844437e+01 
 7.94328235e+02  3.32810229e+01 
 8.91250938e+02  3.32767306e+01 
 1.00000000e+03  3.32713460e+01 
 1.12201845e+03  3.32645925e+01 
 1.25892541e+03  3.32561235e+01 
 1.41253754e+03  3.32455055e+01 
 1.58489319e+03  3.32321970e+01 
 1.77827941e+03  3.32155228e+01 
 1.99526231e+03  3.31946442e+01 
 2.23872114e+03  3.31685230e+01 
 2.51188643e+03  3.31358801e+01 
 2.81838293e+03  3.30951491e+01 
 3.16227766e+03  3.30444248e+01 
 3.54813389e+03  3.29814115e+01 
 3.98107171e+03  3.29033721e+01 
 4.46683592e+03  3.28070888e+01 
 5.01187234e+03  3.26888414e+01 
 5.62341325e+03  3.25444197e+01 
 6.30957344e+03  3.23691819e+01 
 7.07945784e+03  3.21581760e+01 
 7.94328235e+03  3.19063335e+01 
 8.91250938e+03  3.16087357e+01 
 1.00000000e+04  3.12609378e+01 
 1.12201845e+04  3.08593169e+01 
 1.25892541e+04  3.04013942e+01 
 1.41253754e+04  2.98860748e+01 
 1.58489319e+04  2.93137594e+01 
 1.77827941e+04  2.86863024e+01 
 1.99526231e+04  2.80068283e+01 
 2.23872114e+04  2.72794401e+01 
 2.51188643e+04  2.65088772e+01 
 2.81838293e+04  2.57001745e+01 
 3.16227766e+04  2.48583662e+01 
 3.54813389e+04  2.39882570e+01 
 3.98107171e+04  2.30942681e+01 
 4.46683592e+04  2.21803508e+01 
 5.01187234e+04  2.12499548e+01 
 5.62341325e+04  2.03060350e+01 
 6.30957344e+04  1.93510850e+01 
 7.07945784e+04  1.83871827e+01 
 7.94328235e+04  1.74160425e+01 
 8.91250938e+04  1.64390676e+01 
 1.00000000e+05  1.54573986e+01 
 1.12201845e+05  1.44719570e+01 
 1.25892541e+05  1.34834836e+01 
 1.41253754e+05  1.24925707e+01 
 1.58489319e+05  1.14996892e+01 
 1.77827941e+05  1.05052112e+01 
 1.99526231e+05  9.50942779e+00 
 2.23872114e+05  8.51256429e+00 
 2.51188643e+05  7.51479221e+00 
 2.81838293e+05  6.51623905e+00 
 3.16227766e+05  5.51699657e+00 
 3.54813389e+05  4.51712792e+00 
 3.98107171e+05  3.51667435e+00 
 4.46683592e+05  2.51566186e+00 
 5.01187234e+05  1.51410833e+00 
 5.62341325e+05  5.12031308e-01 
 6.30957344e+05 -4.90543612e-01 
 7.07945784e+05 -1.49357433e+00 
 7.94328235e+05 -2.49699480e+00 
 8.91250938e+05 -3.50071007e+00 
 1.00000000e+06 -4.50459505e+00 
 1.12201845e+06 -5.50849798e+00 
 1.25892541e+06 -6.51224807e+00 
 1.41253754e+06 -7.51566548e+00 
 1.58489319e+06 -8.51857116e+00 
 1.77827941e+06 -9.52079357e+00 
 1.99526231e+06 -1.05221704e+01 
 2.23872114e+06 -1.15225448e+01 
 2.51188643e+06 -1.25217565e+01 
 2.81838293e+06 -1.35196291e+01 
 3.16227766e+06 -1.45159550e+01 
 3.54813389e+06 -1.55104787e+01 
 3.98107171e+06 -1.65028794e+01 
 4.46683592e+06 -1.74927527e+01 
 5.01187234e+06 -1.84795914e+01 
 5.62341325e+06 -1.94627661e+01 
 6.30957344e+06 -2.04415058e+01 
 7.07945784e+06 -2.14148801e+01 
 7.94328235e+06 -2.23817854e+01 
 8.91250938e+06 -2.33409390e+01 
 1.00000000e+07 -2.42908870e+01 
 1.12201845e+07 -2.52300330e+01 
 1.25892541e+07 -2.61566953e+01 
 1.41253754e+07 -2.70692015e+01 
 1.58489319e+07 -2.79660242e+01 
 1.77827941e+07 -2.88459551e+01 
 1.99526231e+07 -2.97083033e+01 
 2.23872114e+07 -3.05530895e+01 
 2.51188643e+07 -3.13811947e+01 
 2.81838293e+07 -3.21944188e+01 
 3.16227766e+07 -3.29954163e+01 
 3.54813389e+07 -3.37875060e+01 
 3.98107171e+07 -3.45743882e+01 
 4.46683592e+07 -3.53598371e+01 
 5.01187234e+07 -3.61474453e+01 
 5.62341325e+07 -3.69404765e+01 
 6.30957344e+07 -3.77418412e+01 
 7.07945784e+07 -3.85541643e+01 
 7.94328235e+07 -3.93798852e+01 
 8.91250938e+07 -4.02213318e+01 
 1.00000000e+08 -4.10807380e+01 
