 1.00000000e-01  4.43283010e+01 
 1.12201845e-01  4.43283010e+01 
 1.25892541e-01  4.43283010e+01 
 1.41253754e-01  4.43283010e+01 
 1.58489319e-01  4.43283010e+01 
 1.77827941e-01  4.43283010e+01 
 1.99526231e-01  4.43283010e+01 
 2.23872114e-01  4.43283010e+01 
 2.51188643e-01  4.43283010e+01 
 2.81838293e-01  4.43283010e+01 
 3.16227766e-01  4.43283010e+01 
 3.54813389e-01  4.43283010e+01 
 3.98107171e-01  4.43283010e+01 
 4.46683592e-01  4.43283009e+01 
 5.01187234e-01  4.43283009e+01 
 5.62341325e-01  4.43283009e+01 
 6.30957344e-01  4.43283009e+01 
 7.07945784e-01  4.43283008e+01 
 7.94328235e-01  4.43283008e+01 
 8.91250938e-01  4.43283007e+01 
 1.00000000e+00  4.43283007e+01 
 1.12201845e+00  4.43283006e+01 
 1.25892541e+00  4.43283005e+01 
 1.41253754e+00  4.43283003e+01 
 1.58489319e+00  4.43283002e+01 
 1.77827941e+00  4.43282999e+01 
 1.99526231e+00  4.43282997e+01 
 2.23872114e+00  4.43282993e+01 
 2.51188643e+00  4.43282989e+01 
 2.81838293e+00  4.43282983e+01 
 3.16227766e+00  4.43282976e+01 
 3.54813389e+00  4.43282967e+01 
 3.98107171e+00  4.43282956e+01 
 4.46683592e+00  4.43282942e+01 
 5.01187234e+00  4.43282925e+01 
 5.62341325e+00  4.43282903e+01 
 6.30957344e+00  4.43282875e+01 
 7.07945784e+00  4.43282840e+01 
 7.94328235e+00  4.43282796e+01 
 8.91250938e+00  4.43282741e+01 
 1.00000000e+01  4.43282671e+01 
 1.12201845e+01  4.43282584e+01 
 1.25892541e+01  4.43282473e+01 
 1.41253754e+01  4.43282334e+01 
 1.58489319e+01  4.43282159e+01 
 1.77827941e+01  4.43281939e+01 
 1.99526231e+01  4.43281662e+01 
 2.23872114e+01  4.43281313e+01 
 2.51188643e+01  4.43280873e+01 
 2.81838293e+01  4.43280320e+01 
 3.16227766e+01  4.43279624e+01 
 3.54813389e+01  4.43278747e+01 
 3.98107171e+01  4.43277643e+01 
 4.46683592e+01  4.43276254e+01 
 5.01187234e+01  4.43274505e+01 
 5.62341325e+01  4.43272303e+01 
 6.30957344e+01  4.43269531e+01 
 7.07945784e+01  4.43266041e+01 
 7.94328235e+01  4.43261649e+01 
 8.91250938e+01  4.43256120e+01 
 1.00000000e+02  4.43249160e+01 
 1.12201845e+02  4.43240399e+01 
 1.25892541e+02  4.43229373e+01 
 1.41253754e+02  4.43215496e+01 
 1.58489319e+02  4.43198032e+01 
 1.77827941e+02  4.43176056e+01 
 1.99526231e+02  4.43148405e+01 
 2.23872114e+02  4.43113621e+01 
 2.51188643e+02  4.43069869e+01 
 2.81838293e+02  4.43014852e+01 
 3.16227766e+02  4.42945688e+01 
 3.54813389e+02  4.42858772e+01 
 3.98107171e+02  4.42749598e+01 
 4.46683592e+02  4.42612545e+01 
 5.01187234e+02  4.42440618e+01 
 5.62341325e+02  4.42225139e+01 
 6.30957344e+02  4.41955377e+01 
 7.07945784e+02  4.41618133e+01 
 7.94328235e+02  4.41197259e+01 
 8.91250938e+02  4.40673143e+01 
 1.00000000e+03  4.40022189e+01 
 1.12201845e+03  4.39216321e+01 
 1.25892541e+03  4.38222604e+01 
 1.41253754e+03  4.37003076e+01 
 1.58489319e+03  4.35514927e+01 
 1.77827941e+03  4.33711175e+01 
 1.99526231e+03  4.31541982e+01 
 2.23872114e+03  4.28956706e+01 
 2.51188643e+03  4.25906668e+01 
 2.81838293e+03  4.22348457e+01 
 3.16227766e+03  4.18247402e+01 
 3.54813389e+03  4.13580709e+01 
 3.98107171e+03  4.08339686e+01 
 4.46683592e+03  4.02530631e+01 
 5.01187234e+03  3.96174189e+01 
 5.62341325e+03  3.89303310e+01 
 6.30957344e+03  3.81960233e+01 
 7.07945784e+03  3.74193020e+01 
 7.94328235e+03  3.66052202e+01 
 8.91250938e+03  3.57587904e+01 
 1.00000000e+04  3.48847676e+01 
 1.12201845e+04  3.39875060e+01 
 1.25892541e+04  3.30708822e+01 
 1.41253754e+04  3.21382702e+01 
 1.58489319e+04  3.11925538e+01 
 1.77827941e+04  3.02361616e+01 
 1.99526231e+04  2.92711155e+01 
 2.23872114e+04  2.82990823e+01 
 2.51188643e+04  2.73214263e+01 
 2.81838293e+04  2.63392572e+01 
 3.16227766e+04  2.53534735e+01 
 3.54813389e+04  2.43647994e+01 
 3.98107171e+04  2.33738173e+01 
 4.46683592e+04  2.23809943e+01 
 5.01187234e+04  2.13867043e+01 
 5.62341325e+04  2.03912459e+01 
 6.30957344e+04  1.93948578e+01 
 7.07945784e+04  1.83977302e+01 
 7.94328235e+04  1.74000145e+01 
 8.91250938e+04  1.64018318e+01 
 1.00000000e+05  1.54032781e+01 
 1.12201845e+05  1.44044303e+01 
 1.25892541e+05  1.34053493e+01 
 1.41253754e+05  1.24060841e+01 
 1.58489319e+05  1.14066737e+01 
 1.77827941e+05  1.04071494e+01 
 1.99526231e+05  9.40753652e+00 
 2.23872114e+05  8.40785566e+00 
 2.51188643e+05  7.40812381e+00 
 2.81838293e+05  6.40835522e+00 
 3.16227766e+05  5.40856221e+00 
 3.54813389e+05  4.40875581e+00 
 3.98107171e+05  3.40894631e+00 
 4.46683592e+05  2.40914385e+00 
 5.01187234e+05  1.40935893e+00 
 5.62341325e+05  4.09602986e-01 
 6.30957344e+05 -5.90111018e-01 
 7.07945784e+05 -1.58976791e+00 
 7.94328235e+05 -2.58934949e+00 
 8.91250938e+05 -3.58883362e+00 
 1.00000000e+06 -4.58819303e+00 
 1.12201845e+06 -5.58739394e+00 
 1.25892541e+06 -6.58639430e+00 
 1.41253754e+06 -7.58514170e+00 
 1.58489319e+06 -8.58357069e+00 
 1.77827941e+06 -9.58159961e+00 
 1.99526231e+06 -1.05791266e+01 
 2.23872114e+06 -1.15760247e+01 
 2.51188643e+06 -1.25721361e+01 
 2.81838293e+06 -1.35672652e+01 
 3.16227766e+06 -1.45611699e+01 
 3.54813389e+06 -1.55535518e+01 
 3.98107171e+06 -1.65440445e+01 
 4.46683592e+06 -1.75322004e+01 
 5.01187234e+06 -1.85174749e+01 
 5.62341325e+06 -1.94992103e+01 
 6.30957344e+06 -2.04766173e+01 
 7.07945784e+06 -2.14487579e+01 
 7.94328235e+06 -2.24145300e+01 
 8.91250938e+06 -2.33726597e+01 
 1.00000000e+07 -2.43217052e+01 
 1.12201845e+07 -2.52600812e+01 
 1.25892541e+07 -2.61861134e+01 
 1.41253754e+07 -2.70981300e+01 
 1.58489319e+07 -2.79945963e+01 
 1.77827941e+07 -2.88742900e+01 
 1.99526231e+07 -2.97365016e+01 
 2.23872114e+07 -3.05812305e+01 
 2.51188643e+07 -3.14093366e+01 
 2.81838293e+07 -3.22226007e+01 
 3.16227766e+07 -3.30236610e+01 
 3.54813389e+07 -3.38158227e+01 
 3.98107171e+07 -3.46027749e+01 
 4.46683592e+07 -3.53882817e+01 
 5.01187234e+07 -3.61759250e+01 
 5.62341325e+07 -3.69689554e+01 
 6.30957344e+07 -3.77702663e+01 
 7.07945784e+07 -3.85824596e+01 
 7.94328235e+07 -3.94079443e+01 
 8.91250938e+07 -4.02490096e+01 
 1.00000000e+08 -4.11078421e+01 
