 1.00000000e-01  4.80818482e+01 
 1.12201845e-01  4.80818482e+01 
 1.25892541e-01  4.80818482e+01 
 1.41253754e-01  4.80818482e+01 
 1.58489319e-01  4.80818482e+01 
 1.77827941e-01  4.80818482e+01 
 1.99526231e-01  4.80818482e+01 
 2.23872114e-01  4.80818482e+01 
 2.51188643e-01  4.80818482e+01 
 2.81838293e-01  4.80818482e+01 
 3.16227766e-01  4.80818481e+01 
 3.54813389e-01  4.80818481e+01 
 3.98107171e-01  4.80818481e+01 
 4.46683592e-01  4.80818481e+01 
 5.01187234e-01  4.80818481e+01 
 5.62341325e-01  4.80818481e+01 
 6.30957344e-01  4.80818480e+01 
 7.07945784e-01  4.80818480e+01 
 7.94328235e-01  4.80818479e+01 
 8.91250938e-01  4.80818479e+01 
 1.00000000e+00  4.80818478e+01 
 1.12201845e+00  4.80818477e+01 
 1.25892541e+00  4.80818476e+01 
 1.41253754e+00  4.80818474e+01 
 1.58489319e+00  4.80818472e+01 
 1.77827941e+00  4.80818469e+01 
 1.99526231e+00  4.80818466e+01 
 2.23872114e+00  4.80818462e+01 
 2.51188643e+00  4.80818457e+01 
 2.81838293e+00  4.80818450e+01 
 3.16227766e+00  4.80818442e+01 
 3.54813389e+00  4.80818432e+01 
 3.98107171e+00  4.80818419e+01 
 4.46683592e+00  4.80818402e+01 
 5.01187234e+00  4.80818382e+01 
 5.62341325e+00  4.80818356e+01 
 6.30957344e+00  4.80818323e+01 
 7.07945784e+00  4.80818282e+01 
 7.94328235e+00  4.80818230e+01 
 8.91250938e+00  4.80818164e+01 
 1.00000000e+01  4.80818082e+01 
 1.12201845e+01  4.80817979e+01 
 1.25892541e+01  4.80817849e+01 
 1.41253754e+01  4.80817685e+01 
 1.58489319e+01  4.80817478e+01 
 1.77827941e+01  4.80817218e+01 
 1.99526231e+01  4.80816891e+01 
 2.23872114e+01  4.80816479e+01 
 2.51188643e+01  4.80815961e+01 
 2.81838293e+01  4.80815308e+01 
 3.16227766e+01  4.80814486e+01 
 3.54813389e+01  4.80813451e+01 
 3.98107171e+01  4.80812149e+01 
 4.46683592e+01  4.80810509e+01 
 5.01187234e+01  4.80808445e+01 
 5.62341325e+01  4.80805847e+01 
 6.30957344e+01  4.80802576e+01 
 7.07945784e+01  4.80798459e+01 
 7.94328235e+01  4.80793275e+01 
 8.91250938e+01  4.80786751e+01 
 1.00000000e+02  4.80778539e+01 
 1.12201845e+02  4.80768203e+01 
 1.25892541e+02  4.80755194e+01 
 1.41253754e+02  4.80738822e+01 
 1.58489319e+02  4.80718220e+01 
 1.77827941e+02  4.80692297e+01 
 1.99526231e+02  4.80659685e+01 
 2.23872114e+02  4.80618662e+01 
 2.51188643e+02  4.80567074e+01 
 2.81838293e+02  4.80502214e+01 
 3.16227766e+02  4.80420698e+01 
 3.54813389e+02  4.80318293e+01 
 3.98107171e+02  4.80189715e+01 
 4.46683592e+02  4.80028384e+01 
 5.01187234e+02  4.79826129e+01 
 5.62341325e+02  4.79572837e+01 
 6.30957344e+02  4.79256048e+01 
 7.07945784e+02  4.78860492e+01 
 7.94328235e+02  4.78367585e+01 
 8.91250938e+02  4.77754901e+01 
 1.00000000e+03  4.76995670e+01 
 1.12201845e+03  4.76058348e+01 
 1.25892541e+03  4.74906386e+01 
 1.41253754e+03  4.73498293e+01 
 1.58489319e+03  4.71788154e+01 
 1.77827941e+03  4.69726761e+01 
 1.99526231e+03  4.67263446e+01 
 2.23872114e+03  4.64348664e+01 
 2.51188643e+03  4.60937170e+01 
 2.81838293e+03  4.56991497e+01 
 3.16227766e+03  4.52485240e+01 
 3.54813389e+03  4.47405591e+01 
 3.98107171e+03  4.41754635e+01 
 4.46683592e+03  4.35549138e+01 
 5.01187234e+03  4.28818866e+01 
 5.62341325e+03  4.21603788e+01 
 6.30957344e+03  4.13950684e+01 
 7.07945784e+03  4.05909706e+01 
 7.94328235e+03  3.97531345e+01 
 8.91250938e+03  3.88864051e+01 
 1.00000000e+04  3.79952595e+01 
 1.12201845e+04  3.70837131e+01 
 1.25892541e+04  3.61552812e+01 
 1.41253754e+04  3.52129824e+01 
 1.58489319e+04  3.42593687e+01 
 1.77827941e+04  3.32965712e+01 
 1.99526231e+04  3.23263510e+01 
 2.23872114e+04  3.13501523e+01 
 2.51188643e+04  3.03691519e+01 
 2.81838293e+04  2.93843034e+01 
 3.16227766e+04  2.83963766e+01 
 3.54813389e+04  2.74059909e+01 
 3.98107171e+04  2.64136432e+01 
 4.46683592e+04  2.54197315e+01 
 5.01187234e+04  2.44245741e+01 
 5.62341325e+04  2.34284250e+01 
 6.30957344e+04  2.24314869e+01 
 7.07945784e+04  2.14339213e+01 
 7.94328235e+04  2.04358569e+01 
 8.91250938e+04  1.94373962e+01 
 1.00000000e+05  1.84386207e+01 
 1.12201845e+05  1.74395955e+01 
 1.25892541e+05  1.64403722e+01 
 1.41253754e+05  1.54409922e+01 
 1.58489319e+05  1.44414884e+01 
 1.77827941e+05  1.34418871e+01 
 1.99526231e+05  1.24422097e+01 
 2.23872114e+05  1.14424732e+01 
 2.51188643e+05  1.04426917e+01 
 2.81838293e+05  9.44287677e+00 
 3.16227766e+05  8.44303832e+00 
 3.54813389e+05  7.44318493e+00 
 3.98107171e+05  6.44332440e+00 
 4.46683592e+05  5.44346417e+00 
 5.01187234e+05  4.44361166e+00 
 5.62341325e+05  3.44377474e+00 
 6.30957344e+05  2.44396208e+00 
 7.07945784e+05  1.44418367e+00 
 7.94328235e+05  4.44451274e-01 
 8.91250938e+05 -5.55220850e-01 
 1.00000000e+06 -1.55481527e+00 
 1.12201845e+06 -2.55431041e+00 
 1.25892541e+06 -3.55367944e+00 
 1.41253754e+06 -4.55288885e+00 
 1.58489319e+06 -5.55189665e+00 
 1.77827941e+06 -6.55065020e+00 
 1.99526231e+06 -7.54908345e+00 
 2.23872114e+06 -8.54711347e+00 
 2.51188643e+06 -9.54463613e+00 
 2.81838293e+06 -1.05415208e+01 
 3.16227766e+06 -1.15376034e+01 
 3.54813389e+06 -1.25326787e+01 
 3.98107171e+06 -1.35264891e+01 
 4.46683592e+06 -1.45187128e+01 
 5.01187234e+06 -1.55089477e+01 
 5.62341325e+06 -1.64966929e+01 
 6.30957344e+06 -1.74813253e+01 
 7.07945784e+06 -1.84620726e+01 
 7.94328235e+06 -1.94379811e+01 
 8.91250938e+06 -2.04078784e+01 
 1.00000000e+07 -2.13703312e+01 
 1.12201845e+07 -2.23235996e+01 
 1.25892541e+07 -2.32655895e+01 
 1.41253754e+07 -2.41938071e+01 
 1.58489319e+07 -2.51053214e+01 
 1.77827941e+07 -2.59967441e+01 
 1.99526231e+07 -2.68642389e+01 
 2.23872114e+07 -2.77035746e+01 
 2.51188643e+07 -2.85102390e+01 
 2.81838293e+07 -2.92796250e+01 
 3.16227766e+07 -3.00072941e+01 
 3.54813389e+07 -3.06893070e+01 
 3.98107171e+07 -3.13225933e+01 
 4.46683592e+07 -3.19053123e+01 
 5.01187234e+07 -3.24371515e+01 
 5.62341325e+07 -3.29195087e+01 
 6.30957344e+07 -3.33555283e+01 
 7.07945784e+07 -3.37499907e+01 
 7.94328235e+07 -3.41090852e+01 
 8.91250938e+07 -3.44401149e+01 
 1.00000000e+08 -3.47511853e+01 
